"V1","V2","V3","V4"
0.279038157314062,0.249479214427993,0.958645392442122,0.53419579192996
0.144016199279577,0.455535205313936,0.321186311310157,0.161774635780603
0.777445354498923,0.174892358481884,0.363239464117214,0.0847542847041041
0.340505552710965,0.951326242648065,0.459181600483134,0.517324590589851
0.854701589094475,0.756350025301799,0.133031294913962,0.58663290948607
0.101079006213695,0.774645565077662,0.333782575791702,0.50286953151226
0.535708093317226,0.795769259333611,0.794784991536289,0.178021603031084
0.772203677101061,0.101692628115416,0.0524432098027319,0.0945899204816669
0.402627332834527,0.0935379015281796,0.994894466130063,0.93400370515883
0.700790256261826,0.953348241979256,0.175970733631402,0.385211613029242
0.904901780188084,0.557608581613749,0.989999522920698,0.567293257452548
0.511491757351905,0.805073274299502,0.717247181106359,0.722223144257441
0.343192167114466,0.571173547534272,0.0803544085938483,0.351924028480425
0.977304146857932,0.0594506794586778,0.679684814065695,0.820780804846436
0.0837502831127495,0.900430001551285,0.448393995175138,0.616720154182985
0.814875247189775,0.446086950134486,0.488797788508236,0.940799559699371
0.405926483217627,0.0930495660286397,0.9091143659316,0.930684305727482
0.244878857862204,0.868998164311051,0.687286193948239,0.000267357565462589
0.178495970321819,0.855631014099345,0.638690732885152,0.536976711126044
0.979620275320485,0.998908711830154,0.334606805117801,0.499557413626462
0.988706999225542,0.99732627440244,0.757720976602286,0.150379867991433
0.95408936496824,0.76007987651974,0.912345481337979,0.756690688664094
0.953312876168638,0.700142223853618,0.0401251674629748,0.85935324896127
0.680990612599999,0.755278806434944,0.411071151262149,0.998409757157788
0.584213464288041,0.367280432954431,0.569058199645951,0.162071499275044
0.0114156987983733,0.568705665878952,0.607425728347152,0.980274349218234
0.61016587773338,0.908509906381369,0.874115578597412,0.645548521075398
0.488762709777802,0.0221812699455768,0.139181049307808,0.268312445608899
0.599192743655294,0.572791005019099,0.468073238618672,0.411129729356617
0.407339478144422,0.118666662136093,0.781898504821584,0.582923973910511
0.66856676270254,0.00350298616103828,0.0995094403624535,0.472033822908998
0.41948877600953,0.955536558525637,0.991257407469675,0.280347746331245
0.0532431676983833,0.789857105817646,0.61375520285219,0.6376860558521
0.657313700532541,0.225417878711596,0.999327351339161,0.893991939723492
0.458818301325664,0.135142354527488,0.146536869928241,0.38568377844058
0.0884025150444359,0.538512842031196,0.981116607086733,0.891847831662744
0.280571080278605,0.944734431337565,0.308547318447381,0.0497146896086633
0.227444348158315,0.0622949006501585,0.300679754000157,0.0419434627983719
0.902129491092637,0.128217055462301,0.157080111093819,0.43730700854212
0.347956624813378,0.550379178952426,0.442539678886533,0.897343382006511
0.541241202503443,0.156017404980958,0.130590521031991,0.435838386649266
0.277165060862899,0.919243263546377,0.113582231337205,0.101829729042947
0.392955883173272,0.986598389456049,0.121187945827842,0.275859154295176
0.851450168527663,0.710852915188298,0.214143894612789,0.0476799439638853
0.785026748199016,0.480279859155416,0.39967920188792,0.073350285179913
0.872709440998733,0.771730789914727,0.82421249547042,0.365697727305815
0.108773258514702,0.382896833354607,0.318408528575674,0.904754305258393
0.542020928580314,0.10631103743799,0.647889252752066,0.105755514232442
0.0725554234813899,0.255916242254898,0.0867743981070817,0.345866861520335
0.0305023689288646,0.0696143561508507,0.967445247340947,0.125159290386364
0.887971751159057,0.736816251417622,0.320114854956046,0.773761680815369
0.999629757134244,0.224410724593326,0.326832821127027,0.36412889463827
0.607464622473344,0.230245021637529,0.156740413978696,0.127431652741507
0.530575864715502,0.358201636001468,0.749324761098251,0.367011693539098
0.854300134582445,0.112144784070551,0.801666833460331,0.684698907192796
0.88739024871029,0.404341342393309,0.0848694473970681,0.237409295514226
