"V1","V2"
0.998628322005664,0.615478318389524
0.830337559440243,-0.316995553600453
-1.20287169346301,0.705076242265163
0.542856639898023,-2.4620908773016
0.211555994782281,0.30903523960714
0.281649720630618,-0.755739511947257
-1.0489496478297,-0.262571850529717
1.04867694077507,-0.79822752241358
-0.65439850658877,-0.779941573284178
0.902248714444379,-0.316622767519969
0.295220258548146,-0.454534612187609
0.367963434550667,-1.85871521213997
0.754185531830457,0.0802741108284858
-0.0188387030979882,0.670799105992748
0.625603822893301,0.955574638982107
-0.316122340479045,1.05243872901067
-0.167659605999682,-1.99600107627682
1.33862723192344,1.372156644053
0.275246578749173,0.436664260210737
1.3554304091551,-1.34312857494181
-1.28634870488703,1.10506688775103
-0.493446314803688,1.33517604938629
1.22158133731306,0.0581255142356785
-1.03898464313073,1.37416650570467
0.252382432395389,0.351479464958694
-0.126044866063317,0.247606444955027
-0.777010653834087,-1.0096479445955
-0.0811111246561241,0.290357229975764
0.836867237403994,0.260105525910768
0.968304954056976,1.05505869808782
0.892286030332116,0.821260099600768
1.3696234581957,-0.214984084231406
0.922526809157452,0.855774243841517
1.28072618406921,-0.532388970376673
-0.184092778600019,0.140312417271058
0.480881108017211,0.956006269831985
-2.6897317507116,-0.215803241935486
0.251038620210305,1.43454692868479
-0.0490098951211735,-0.891503601138692
0.436353483784388,-0.74469999839467
1.77313354531574,-0.378252080915345
-0.125178488067327,-0.768705752024832
-1.62320691594096,-1.53680783520091
1.19668707418705,-0.153131785323469
-0.489970694431493,0.444814314366461
2.53856697680086,-0.919985518913252
1.26052240947524,-0.00691308986730786
-0.131471175086338,0.302878273998871
-0.351950639023134,0.333948821000877
-0.132391237856449,1.12405736738027
-1.90064551098061,-0.0481811977511867
0.613301761894988,-0.76602101870362
-0.697705131368862,-0.976960334595615
1.39553108488463,0.183358645560357
0.407648425311716,1.39007673383025
-0.405202947958852,-0.58409987368266
0.362871032932726,-0.605167594805879
2.34302447389857,3.64048044854662
0.893570188795617,-1.33192627365637
0.0566719310804892,-0.300252081737189
-0.0677595608044872,0.00855429626326405
-0.258006130944766,0.252715686823034
-1.38411304532892,0.0608486158674333
1.69753481359443,1.20003719499138
1.27774450993641,-0.650619936769642
-1.33241742561571,-1.23689365978285
1.24958467340474,1.15764711124976
-0.807413609868808,0.349139045222223
-0.234233758110734,0.455383335630085
-1.89062542343936,-0.537713222238515
-0.6608868086306,0.734060524847129
0.740624302198298,-0.435689299651719
0.122976558910478,0.451507713400227
-1.00602521066599,1.21514995280885
-1.25326912872334,0.480426823251722
-0.359954376398842,0.810476203772813
-0.304341769245807,-0.834206744775311
-0.203728345308423,-1.24308173014038
1.18857018801804,-0.488125665712228
-1.15051655681212,1.45545265152296
0.1596999759128,1.25525682718662
1.90886609380492,-0.0999425921373754
1.41017882488921,-1.1700422499117
-0.00190912982302435,-0.40072409871684
-1.3074804643108,-0.992809143384623
-0.696246624946945,0.527961358190225
0.186192940191778,-0.571731507223987
0.0950733466884289,-0.862721418066146
-0.961634593766182,0.205031062641726
-0.274275126065304,0.220705369474221
-0.506295753692193,0.165605066638279
0.379473491881856,0.314768574416352
0.196219531834939,0.341870576404224
-2.38438533739046,-2.18167786709942
-0.59383759587357,-0.931061936312274
-0.814974355834351,-0.0906481273695666
-0.603866147599274,-0.736904247201104
1.60753005932234,2.15547631461749
0.358060222567694,-0.215646491288518
-0.743568572069195,-0.599929568206515
0.157158077218157,-1.41144922628212
-0.902647837660729,-1.96433043903462
0.397959007232868,0.839375153086019
1.24385324727912,-1.23272182870546
-0.0499094364958155,-0.424004466172556
0.86425683755749,1.5131816638208
0.0104421614359624,-0.171077955987665
-3.36287103121402,0.427592458715293
0.45849622854141,-2.30794612852139
-0.871548236196938,-1.10178029103597
-0.166678683900911,-0.0304298112931294
-0.978649427756035,0.989494088164962
0.36773643596188,1.93425643386755
1.99311868269065,-0.618054410544303
-0.874075875387752,0.558624178058904
0.245769423586678,1.45154119949207
-2.10068520246776,0.0684729425184006
-0.585357628973487,0.0952593613275046
-1.33658542776775,-1.48653430325607
-0.533153855131169,-0.2654787758019
-0.197400209832163,-1.66967449967787
0.470396388143196,-1.13830740547572
0.317227023969241,1.00868090778324
-0.657323851241425,1.3793662315925
1.03598741178591,1.22331456490494
0.111913996848687,-1.67851981007978
0.807704986424856,0.332718322608044
-0.398739604958252,2.57347051373129
0.0877593780332091,-0.709085278571275
1.2002243280762,-0.531425855410961
-1.43050144004609,1.22952745015957
0.288139999031469,-0.94702726845567
0.711518618357753,0.680163720756889
1.62399889887475,0.047517194193724
1.15036598082934,1.64328685172542
0.245445002504402,0.171044900028129
0.319358231514261,-1.26971752974511
-0.665297259691743,0.403856275703181
-1.92847200130432,-1.48498771130701
-1.52344661788086,-0.120583908145103
0.0544276184865231,-0.56321546698259
-0.537744638596196,0.314771774228735
1.04755561949544,0.324602299753118
-0.32834037539909,0.782261924543058
-0.956985551328791,0.782632414843703
-1.13029621306428,-0.959751733498054
0.0514553205497704,0.253936389604563
-1.80087807646618,-1.18799172854725
2.1547487808968,0.760972619034634
0.995506940675756,-1.01430135519648
7.08250537099465e-05,-0.615322413415398
-0.348760829825921,1.93429230996076
0.0816383673759704,-0.678408064621954
0.48420511763751,1.12455234213238
1.40730132113721,-0.14523076442075
-0.222645970292304,-1.13961852382135
0.0866335497475486,-0.539667716417272
0.354447823637239,0.678884513973504
-0.115760046703591,-0.927118356894566
0.556398772893611,1.10920012057593
-0.633022558840098,-0.0868788948509661
-1.28117425354014,-0.491786585376182
-0.651550154828014,-0.457694075277679
0.842258220783335,-0.854293799473711
0.191135054756176,1.12886799231454
-0.831274799103035,1.30979148376619
0.993997822409287,0.411908770043021
-0.174470894245257,-0.497672653712859
